1
0 52.5
45 51
90 52.5
135 75
0
-40 -50 -200

1
135 75
138 73.5
138 72
135 70.5
0
-40 -50 -200

1
135 70.5
45 45
37.5 40.5
22.5 42
0
-40 -50 -200

1
22.5 42
18.75 42.75
15 31.5
15 0
0
-40 -50 -200





1
0 52.5
45 51
90 52.5
135 75
3
-160 80 -200

1
135 75
138 73.5
138 72
135 70.5
3
-160 80 -200

1
135 70.5
45 45
37.5 40.5
22.5 42
3
-160 80 -200

1
22.5 42
18.75 42.75
15 31.5
15 0
3
-160 80 -200




2
533 533
1
-266.5 -266.5 -200

3
533 400
2
-266.5 -266.5 -200

3
533 400
2
266.5 -266.5 -200

4
533 400
2
-266.5 266.5 -200

-2
5
1500000 1500000 1500000
0 100 300

